interacting gradient descent
[0.4986 2.8284]
[0.4982 2.8284]
[0.4978 2.8284]
[0.4975 2.8284]
[0.4974 2.8284]
[0.4971 2.8284]
[0.4973 2.8284]
[0.4973 2.8284]
[0.4977 2.8284]
[0.4975 2.8284]
[0.4974 2.8284]
[0.4973 2.8284]
[0.4977 2.8284]
[0.4979 2.8284]
[0.4974 2.8284]
[0.4975 2.8284]
[0.4972 2.8284]
[0.4972 2.8284]
[0.4974 2.8284]
[0.4973 2.8284]
[0.4973 2.8284]
[0.4973 2.8284]
[0.4972 2.8284]
[0.4972 2.8284]
[0.4969 2.8284]
[0.4973 2.8284]
[0.4975 2.8284]
[0.4974 2.8284]
[0.4974 2.8284]
[0.4971 2.8284]
[0.4971 2.8284]
[0.4973 2.8284]
[0.4976 2.8284]
[0.4974 2.8284]
[0.4973 2.8284]
[0.4978 2.8284]
[0.4975 2.8284]
[0.4972 2.8284]
[0.4973 2.8284]
[0.4973 2.8284]
[0.4974 2.8284]
[0.4974 2.8284]
[0.4972 2.8284]
[0.4974 2.8284]
[0.4974 2.8284]
[0.4972 2.8284]
[0.4969 2.8284]
[0.497  2.8284]
[0.4971 2.8284]
[0.4969 2.8284]
[0.4969 2.8284]
[0.497  2.8284]
[0.4971 2.8284]
[0.4973 2.8284]
[0.4973 2.8284]
[0.4971 2.8284]
[0.4973 2.8284]
[0.4972 2.8284]
[0.4972 2.8284]
[0.4973 2.8284]
[0.4975 2.8284]
[0.4977 2.8284]
[0.4976 2.8284]
[0.4974 2.8284]
[0.4974 2.8284]
[0.4973 2.8284]
[0.4972 2.8284]
[0.4981 2.8284]
[0.4978 2.8284]
[0.4976 2.8284]
[0.4975 2.8284]
[0.4974 2.8284]
[0.4974 2.8284]
[0.4974 2.8284]
[0.4974 2.8284]
[0.4974 2.8284]
[0.4975 2.8284]
[0.4974 2.8284]
[0.4973 2.8284]
[0.4972 2.8284]
[0.4977 2.8284]
[0.4975 2.8284]
[0.4975 2.8284]
[0.497  2.8284]
[0.4971 2.8284]
[0.4974 2.8284]
[0.4971 2.8284]
[0.4972 2.8284]
[0.4972 2.8284]
[0.498  2.8284]
[0.4977 2.8284]
[0.4977 2.8284]
[0.4975 2.8284]
[0.4977 2.8284]
[0.4976 2.8284]
[0.4974 2.8284]
[0.4976 2.8284]
[0.4976 2.8284]
[0.4972 2.8284]
[0.4973 2.8284]
0.49730649309026376
2.82843
Time: 5987.625645392

