274.22235754069055
274.22235754069055
273.9926488196279
273.06321793104405
273.54148714553827
273.51999426197347
273.4082502329993
273.35082755136256
273.35082755136256
273.35082755136256
273.27868387724254
273.7039353108081
274.24933676543543
274.24933676543543
274.2624069426979
274.04607665556534
274.36174069208477
274.32053516608016
274.3377325522253
273.9966715007634
274.51824175533704
274.51824175533704
274.68700759629695
274.68700759629695
274.8451884901516
274.5804097309
274.45166785972697
274.5849824443793
274.33785966958254
274.70177826322225
274.666015727193
274.7044146360482
274.92460288540065
274.6042377212079
274.31323635440856
274.31323635440856
274.31323635440856
274.100658388092
274.100658388092
274.100658388092
274.100658388092
274.3555717224991
274.4734119615133
274.3845115882621
272.85463196010136
272.85463196010136
272.85463196010136
272.8072372236924
272.8072372236924
273.37374913947957
273.37374913947957
273.37374913947957
273.37374913947957
273.27048030724484
273.59197402683435
273.59197402683435
273.6384992736122
273.88200535677777
274.07855556765986
274.1944579882528
275.19673190908287
275.6962020191107
275.6962020191107
275.8881274502501
276.2956446863426
276.2956446863426
276.69248680649764
276.69248680649764
276.9429537355577
276.9429537355577
276.80670480206174
276.80670480206174
276.7939169545365
276.7939169545365
276.6223926102348
276.1936117651898
276.0880026716534
276.283174099046
276.283174099046
276.283174099046
276.57474257645237
276.57474257645237
276.46686035563437
276.46686035563437
276.37582465307645
276.37582465307645
276.37582465307645
276.3241645982937
276.3241645982937
276.3241645982937
276.3241645982937
276.0344275561175
276.05464585741345
276.0620818395875
276.16274730237126
276.16274730237126
277.180377238328
277.1035547833691
276.73679317687345
276.73679317687345
276.3399150366175
276.3399150366175
276.3445265791436
276.58435932140316
276.76072458425926
276.61670030188054
276.2777827825224
276.28291635428826
276.46253985746694
276.46253985746694
276.2579763919441
276.51986152500615
276.2129318728293
276.2129318728293
276.195107489749
276.195107489749
276.195107489749
276.4729315045593
276.29967226493267
276.6171897347533
276.4466029555447
276.6329245216926
276.6329245216926
276.6329245216926
276.97697594734444
277.0537658362006
277.0537658362006
277.0773956318354
277.0773956318354
277.0773956318354
276.8501196855632
276.8501196855632
276.8501196855632
276.8892758479733
276.6442987413268
276.51879259833356
276.5338802442509
276.21281393310574
276.21281393310574
275.89976721042706
275.8024649281476
275.8024649281476
275.81640445825275
275.81640445825275
275.81640445825275
275.81640445825275
275.69743461291057
275.69743461291057
275.7850061821291
275.94647830933525
275.91206013543615
275.64369720461343
275.46784413215863
275.2261233263174
275.2261233263174
275.2261233263174
275.26141115355836
275.26141115355836
275.26141115355836
275.26141115355836
275.1745120477955
275.1745120477955
275.1745120477955
274.87326046941666
274.7905512964282
274.55994328579357
274.55994328579357
274.6180539279902
274.31171024094806
274.01581149593426
273.9399603473812
273.7152275495429
273.96674784711286
273.96674784711286
273.8826907023225
273.8826907023225
274.04194171760173
274.04194171760173
273.8431316871412
273.7476033319287
273.7203148040815
273.7203148040815
273.74439824762175
273.89083543119546
273.8242862007957
274.0371724862499
274.0371724862499
273.7691806070858
273.72518287474475
273.72518287474475
273.72518287474475
273.7433568167281
273.6514151997838
273.6326324340797
273.6326324340797
273.6326324340797
273.57162715889115
273.6208337158747
273.6208337158747
273.6208337158747
273.6208337158747
273.6208337158747
273.6208337158747
273.4988383202468
273.4988383202468
273.4988383202468
273.7279495679432
273.6917740590417
273.6917740590417
273.90714574725376
273.7586695343637
273.7586695343637
273.5966946128793
273.5801448820096
273.5801448820096
273.5801448820096
273.8523066861352
273.8523066861352
273.7434203134529
273.866695060874
273.8489223770292
273.790784393676
273.56955763873293
273.56955763873293
273.56955763873293
273.4623764081472
273.4780314303208
273.4291938097274
273.315639726753
273.315639726753
273.315639726753
273.32103921080727
273.24165135212735
273.24165135212735
273.35771797278653
273.1806322408667
273.05085287301796
273.05085287301796
273.0493743633018
273.0493743633018
273.01826311615304
273.24487395028564
273.141031609561
273.141031609561
273.0602734956083
272.9515924304809
272.9515924304809
273.03602519647404
272.64421231455043
272.64421231455043
272.5884571082992
272.5884571082992
272.5884571082992
272.61928738150215
272.59573635926677
272.78072100151263
272.92988473071193
272.89141977411293
272.84048709286907
272.84048709286907
272.87505233483563
272.87505233483563
272.7183055403046
272.65337721148876
272.65337721148876
272.65337721148876
272.57430182723505
272.57047905532113
272.57047905532113
272.57047905532113
272.5890228064286
272.3304917580785
272.4383075320319
272.4383075320319
272.4383075320319
272.4383075320319
272.59280058111756
272.59280058111756
272.59280058111756
272.59280058111756
272.59280058111756
272.59280058111756
272.6748313740291
272.6912178646525
272.36747928406845
272.5441134368242
272.5735540572532
272.3567834365934
272.3567834365934
272.3567834365934
272.41007890791377
272.19718789272736
272.19718789272736
272.181224848544
272.24328746244237
272.3791289904776
272.3791289904776
272.49074787779784
272.3805321821713
272.3805321821713
272.3805321821713
272.41179819326015
272.4409079646227
272.5926383323927
272.47897840916454
272.47897840916454
272.47897840916454
272.47897840916454
272.47897840916454
272.37139261096684
272.38212791371814
272.36443599438076
272.36443599438076
272.293221485458
272.13635217510523
272.13635217510523
272.33173332475894
272.0879698565885
272.0879698565885
272.0736474932926
272.0736474932926
272.0736474932926
272.0736474932926
272.0736474932926
272.0736474932926
272.0736474932926
272.3117440633839
272.3117440633839
272.1753601777365
272.2829063849113
272.0959124615576
271.8728983272581
271.8728983272581
271.8738087899835
272.044317435646
272.03568315372485
272.03568315372485
272.03568315372485
272.03568315372485
272.0135904879005
272.18977469993695
272.5146756079155
272.5146756079155
272.40902208371904
272.5992769103905
272.634297292118
272.59005725670465
272.6522644655872
272.80777995490325
272.79769918770194
272.4170732065708
272.4264157081447
272.54529365391863
272.43718371142626
272.6198978914167
272.6198978914167
272.6198978914167
272.5889218199249
272.51028006012496
272.29766665151027
272.32260086111364
272.32260086111364
272.34542827962053
272.34542827962053
272.2517009149543
272.2517009149543
272.2517009149543
272.30413186667295
272.06440172589674
271.8108609226377
271.8108609226377
271.8108609226377
271.8108609226377
271.64323931599796
271.64323931599796
271.64323931599796
271.6948916487129
271.6948916487129
271.6948916487129
271.6948916487129
271.5566352166416
271.5566352166416
271.5566352166416
271.5566352166416
271.5566352166416
271.5566352166416
271.5566352166416
271.5566352166416
271.5566352166416
271.5566352166416
271.3938896354115
271.46336083842345
271.28785543767395
271.28785543767395
271.28785543767395
271.28785543767395
271.28785543767395
271.28785543767395
270.68643226642
270.68643226642
270.6915580230617
270.5848161735281
270.58250428809635
270.53769782822644
270.56219031586045
270.56219031586045
270.6639052759458
270.790434699929
270.8159930158748
270.79051186052186
270.79051186052186
270.83148979673484
270.76926444297084
270.76926444297084
270.4821797860495
270.4821797860495
270.33610054502475
270.33610054502475
269.48083634810513
269.48083634810513
269.6326635957902
269.6326635957902
269.7783474346074
269.7783474346074
269.7783474346074
269.7077526927926
269.7077526927926
269.7077526927926
269.5512000806825
269.5512000806825
269.5512000806825
269.5512000806825
269.5512000806825
269.5512000806825
269.71205531559
270.7739226727318
270.6850422684543
270.6850422684543
270.87338692196624
270.87338692196624
270.90832292737355
270.90832292737355
270.90832292737355
270.77469485604604
270.6717319159443
270.30951382127944
270.22741717199165
270.2757685720973
270.2757685720973
270.18937368587274
270.18937368587274
269.9544886800568
269.9544886800568
269.7830345159977
269.7830345159977
269.7830345159977
269.7830345159977
269.7830345159977
269.7830345159977
269.7495507956926
269.77602265895734
269.77602265895734
269.77602265895734
269.84949144044816
269.84949144044816
269.84949144044816
269.8934722796231
270.35429105318246
270.35429105318246
270.1900672551918
270.2528136838906
270.2528136838906
270.1995259170743
270.70392723361186
270.6119032578193
270.5369814837156
270.5369814837156
270.50512726231875
270.50512726231875
270.50512726231875
270.5860546797782
270.6019323154579
270.6019323154579
270.6019323154579
270.6436773052031
270.6436773052031
270.53168135519917
270.61747423857184
270.61747423857184
270.48474648001513
270.48474648001513
270.4984074537583
270.4984074537583
270.66749345075107
270.62122115827196
270.62122115827196
270.62122115827196
270.6159157059176
270.5514760853637
270.5514760853637
270.5514760853637
270.46370182140174
270.46370182140174
270.46370182140174
270.46370182140174
270.5224310221955
270.55926826382296
270.55926826382296
270.55926826382296
270.55926826382296
270.5719110729555
270.5719110729555
270.5719110729555
270.5719110729555
270.5719110729555
270.84590616370696
270.7316096183332
270.7316096183332
270.7316096183332
270.562471197266
270.562471197266
270.49065263859694
270.49065263859694
270.49065263859694
270.3379748242372
270.34568657107144
270.49105265182857
270.49105265182857
270.63058455771926
270.5112635808528
270.44314140941947
270.50168846047745
270.6043971495826
270.6043971495826
270.64947332622194
270.64947332622194
270.64947332622194
270.6326001861771
270.5485841280712
270.5485841280712
270.35436757028003
270.3765680779746
270.275583727077
270.25452893569854
270.236940756226
270.2206314331874
270.4123665522121
270.4123665522121
270.1204715058018
270.1204715058018
270.1204715058018
270.1204715058018
270.1204715058018
270.1204715058018
269.99311503093475
269.99311503093475
269.99311503093475
269.8908923937083
269.7986913468841
269.7766306955518
269.7766306955518
269.7295140416961
269.6595875593989
269.6595875593989
269.6595875593989
269.39497874493395
269.4601288417713
269.3109693048568
269.40778617278426
269.31858427759926
269.44523426600665
269.56232036115716
269.56232036115716
269.6247974806057
269.6247974806057
269.6247974806057
269.59552856924347
269.70663785897693
269.59317186500994
269.59317186500994
269.59317186500994
269.59317186500994
269.59317186500994
269.7481375001501
269.7481375001501
269.7481375001501
269.7481375001501
269.6491056528274
269.6491056528274
269.6491056528274
269.7243174767838
269.6233923013388
269.6233923013388
269.6233923013388
269.71395794777175
269.68737005354893
269.71847874121335
269.71847874121335
269.658986733965
269.658986733965
269.54988094653834
269.4459154898884
269.4459154898884
269.4459154898884
269.4459154898884
269.43959014652603
269.43959014652603
269.43959014652603
269.43959014652603
269.4330620003786
269.29022914450866
269.29022914450866
269.29022914450866
269.31169349922504
269.3393204955348
269.3393204955348
269.3067374420291
269.3743483803803
269.3743483803803
269.3743483803803
269.33767172736526
269.39574071273006
269.4826178228259
269.4826178228259
269.4826178228259
269.61446980032133
269.44075009935773
269.4019112690769
269.30518271769034
269.3685619248464
269.20364720771045
269.20364720771045
269.22161126033757
269.19292469041443
269.1891818430251
269.2447573387659
269.2447573387659
269.1442098184292
269.1442098184292
269.07400220877975
269.07012115628135
268.97632284463873
268.8764960515406
268.83194437001555
268.98932117647337
268.98932117647337
268.84060214260273
268.71290800760306
268.9076894244265
268.9076894244265
268.95469311551676
268.95469311551676
268.95469311551676
268.92799599317686
268.8493310124984
268.8493310124984
268.8028617098361
268.6133742107089
268.6133742107089
268.6133742107089
268.69409565292267
268.744688665711
268.744688665711
268.744688665711
268.71118556537374
268.77070646591665
268.6937236219206
268.6937236219206
268.5901819762072
268.5901819762072
268.7217448084544
268.66852825662903
268.634731412696
268.8066096436682
268.6977936140528
268.6977936140528
268.7126099191766
268.4976040809644
268.42158383698546
268.42158383698546
268.236678806272
268.236678806272
268.2178459629515
268.34027997755123
268.43740021656924
268.43740021656924
268.43740021656924
268.4639132783386
268.4639132783386
268.42355262639495
268.2467923411508
268.2467923411508
268.2467923411508
268.1386074266109
268.1386074266109
268.1386074266109
268.1386074266109
268.1386074266109
267.9652701000861
267.9652701000861
267.77184451021526
267.77184451021526
267.7154385958256
267.7154385958256
267.87414719024986
267.89493026614707
267.7629373361451
267.70901201303997
267.63725649505943
267.63725649505943
267.63725649505943
267.63725649505943
267.63725649505943
267.63725649505943
267.7587776231667
267.7587776231667
267.953205462304
267.953205462304
267.953205462304
268.17670355959086
268.17670355959086
268.20477020218783
268.20477020218783
268.0952459351038
267.85918127244156
267.85918127244156
267.93304696383825
267.90465584064196
267.94577982840747
267.91060981204686
267.91060981204686
267.8795901681035
267.8548095197872
267.7067031897516
267.7067031897516
267.7067031897516
267.7067031897516
267.7474750053225
267.77518310959414
267.85841618233974
267.9262586999213
268.3842649356942
268.24099296595335
268.2001144065483
268.10838612940165
268.10838612940165
268.10838612940165
267.9887050896275
267.5456967474122
267.5456967474122
267.5690019099587
267.5690019099587
267.53004521944587
267.5715210716759
267.5715210716759
267.5715210716759
267.5715210716759
267.43359529350545
267.43359529350545
267.52718176747203
267.52718176747203
267.68139028694554
267.82528237082886
267.82528237082886
267.75819584254504
267.8746209023288
267.8746209023288
267.7648134689526
267.6065734266726
267.5412610074438
267.6550954275119
267.6550954275119
267.6550954275119
267.74632585603683
267.74632585603683
267.6199080444936
267.70679429728824
267.5990523217112
267.5480654025973
267.6015384506869
267.6399743341782
267.6399743341782
267.6399743341782
267.6399743341782
267.5769432238503
267.69535026453826
267.81372062753803
267.8549772966855
267.7500202537973
267.7500202537973
267.8596396185641
267.76387547313504
267.65586704722466
267.68861342092794
267.69830178426065
267.69830178426065
267.4602354905529
267.63713627133797
267.72201598350136
267.753599808147
267.753599808147
267.7470572502564
267.767082381317
267.767082381317
267.6930708164948
267.6930708164948
267.8107278869621
267.8107278869621
267.8542840682887
267.87058194747635
267.9479902098731
267.9479902098731
267.9165761438053
267.9165761438053
267.88144770377556
267.8890368257582
267.8890368257582
267.8890368257582
267.8890368257582
267.8890368257582
267.7253108071061
267.7253108071061
267.72959656912735
267.6203729450955
267.6343170441679
267.6343170441679
267.6890154113643
267.6370958082688
267.4513819920123
267.431391836652
267.2601659824092
267.1698111059915
267.14424690828804
267.14424690828804
267.14424690828804
267.05432751639336
267.05432751639336
267.05432751639336
267.05432751639336
267.1369411995616
267.1369411995616
267.1369411995616
267.1369411995616
267.1369411995616
267.1053484455804
267.1053484455804
267.1053484455804
267.1053484455804
267.0608475597332
267.0608475597332
267.11315247621485
267.11315247621485
267.11315247621485
267.03257438796186
267.02475002784024
267.19645319447875
267.14298035560125
267.14298035560125
267.14298035560125
267.14298035560125
267.08226119585936
267.08226119585936
267.08226119585936
267.09960248824734
266.9907201148518
267.0510334546184
267.05468238765843
267.05468238765843
267.0803409076435
267.0765364739808
267.0765364739808
267.2248132200974
267.13399860889484
266.9845240134849
266.9845240134849
266.83958453088803
266.8810179793151
266.8998872792924
266.9603461718508
267.14647927736837
267.20897974827176
267.20897974827176
267.1496111932033
267.1496111932033
267.11174572570917
267.2391110938469
267.2182515907485
267.2182515907485
267.2182515907485
267.16373929796475
267.16373929796475
267.08960049304847
266.9531589065658
266.9444417695147
266.9051666301493
266.9051666301493
266.7202768019589
266.7202768019589
266.7202768019589
266.7573958577205
266.7573958577205
266.7573958577205
266.79110030841935
266.79110030841935
266.74055326146714
266.64955562293153
266.62110113759445
266.62110113759445
266.62110113759445
266.6298304096392
266.6298304096392
266.6298304096392
266.6298304096392
266.6332739742616
266.51114295080197
266.39703522549416
266.2735875533324
266.23525848779605
266.23525848779605
266.2270474282874
266.2270474282874
266.32959984768104
266.32959984768104
266.32959984768104
266.32959984768104
266.3232395292238
266.3232395292238
266.45903933121406
266.43074432029067
266.43074432029067
266.4393287447204
266.4393287447204
266.46844214458696
266.46844214458696
266.393763505179
266.4582953985573
266.4430826391187
266.4430826391187
266.22463888767686
266.2176269153616
266.2176269153616
266.26416687436847
266.2985243071527
266.2481973639989
266.2481973639989
266.2481973639989
266.50152780280956
266.60577206390667
266.52562370440273
266.52562370440273
266.325248067358
266.3723838346008
266.3723838346008
266.19453135594404
266.2286307683896
266.26318440667217
266.1873662198447
266.15171873432325
265.9717016281166
266.0471791368601
266.0439614508151
265.9269118572603
265.9269118572603
265.8907799875218
265.733586599049
265.83723686791643
265.85375355251824
265.85375355251824
265.7955044927046
265.7955044927046
265.7955044927046
265.6909992544788
265.52055843071196
265.7531471270685
265.7531471270685
265.74879067454395
265.80118417134133
265.80118417134133
265.782238486538
265.84364906476276
265.84364906476276
265.84364906476276
265.8685394704327
265.87108782364174
265.87108782364174
266.0386148171686
265.95308761177887
265.95308761177887
265.8737644766517
265.805730715064
265.805730715064
265.805730715064
265.805730715064
265.6850129606922
265.660036632259
265.660036632259
265.7163574603276
265.7163574603276
265.6198689307364
265.7471812446423
